0 163 178 94 84 194 2 120 137 163 169 240 168 182 31 34 112 155 108 239 221 56 165 164 106 199 11 5 61 201 251 128 108 173 222 
1 192 112 224 56 249 131 225 233 43 151 8 77 8 163 185 247 128 241 156 36 92 99 48 97 160 249 92 32 101 10 254 37 122 222 
2 94 115 97 63 92 140 215 100 218 223 7 147 214 136 133 114 172 225 213 220 66 118 213 159 150 58 169 149 96 35 115 190 150 213 
3 253 242 97 212 86 59 179 93 207 137 229 84 251 146 53 209 110 119 71 68 22 221 126 191 114 222 226 230 156 120 187 154 106 28 
4 110 192 88 34 30 39 171 3 123 167 149 176 120 4 39 191 72 62 156 198 253 15 165 224 245 65 88 176 219 195 204 74 131 36 
5 108 161 75 23 165 198 190 58 118 54 62 158 245 134 220 146 77 217 161 242 185 150 51 18 70 15 213 18 89 88 55 197 250 130 
6 220 159 73 155 217 191 209 24 93 199 158 57 89 235 19 250 221 204 144 17 222 214 32 179 232 121 12 31 62 6 162 26 165 235 
7 181 126 170 135 150 8 78 53 65 167 32 84 161 254 33 49 15 255 7 47 179 239 168 191 15 230 197 177 0 106 156 182 232 70 
8 61 127 78 139 180 144 50 212 228 211 210 5 4 225 5 11 16 184 250 184 119 9 158 60 186 159 166 86 85 142 157 146 13 235 
9 29 193 123 79 150 96 34 104 101 38 74 106 49 90 34 43 19 153 53 177 213 239 80 123 70 165 10 227 55 23 206 84 217 74 
10 163 111 170 197 215 15 235 33 122 28 124 156 72 143 54 125 64 11 108 145 135 178 54 145 149 110 168 100 194 129 174 102 240 88 
11 43 200 103 23 233 225 51 101 126 123 244 180 248 53 191 101 198 70 23 252 215 173 106 128 17 45 1 191 147 242 23 190 186 126 
12 213 163 96 9 9 222 132 253 146 125 50 81 226 248 152 249 245 111 166 95 239 183 140 241 118 31 227 141 222 157 12 179 64 108 
13 188 73 74 65 71 220 190 121 45 160 114 197 153 103 53 64 198 36 247 83 21 110 114 248 251 80 149 7 4 214 115 192 31 189 
14 1 102 153 191 224 199 95 82 140 249 185 193 57 127 230 48 210 251 158 69 244 154 149 137 161 153 95 21 90 127 210 91 229 108 
15 27 197 51 122 23 191 115 208 129 172 80 103 221 34 98 123 103 86 21 253 224 183 150 63 204 240 190 158 76 164 10 103 105 61 
16 225 129 253 85 81 126 1 161 229 222 196 71 90 43 158 111 40 126 38 191 189 242 175 124 145 251 32 155 98 137 217 68 10 214 
17 153 92 84 154 253 57 121 193 128 211 237 30 66 21 156 105 212 90 91 132 214 236 127 246 136 226 127 97 38 138 55 191 230 139 
18 89 227 196 210 165 68 165 146 99 232 167 255 81 124 89 172 0 47 153 127 37 33 97 165 130 135 47 185 70 21 68 160 248 8 
19 114 157 76 24 47 175 0 215 175 81 83 8 253 83 56 150 210 93 183 52 2 57 187 49 242 2 70 54 162 63 62 20 220 139 
20 44 12 58 44 227 233 125 54 242 123 137 42 17 91 135 201 143 138 2 75 187 245 77 2 43 239 65 106 3 29 245 48 41 47 
21 92 12 25 218 66 11 85 203 53 102 39 188 47 182 70 50 1 2 39 78 4 82 61 69 188 65 98 177 113 140 225 205 152 250 
22 167 219 5 252 166 58 99 205 246 146 132 61 196 133 63 235 212 67 62 17 136 250 82 234 172 195 118 141 145 15 135 56 234 140 
23 53 144 198 152 94 188 42 226 249 239 103 56 218 59 123 24 77 3 19 159 238 191 99 100 76 244 115 211 44 93 95 97 238 37 
24 249 76 225 36 46 219 19 149 19 237 209 143 6 30 146 25 189 128 216 32 229 36 20 88 247 65 182 86 162 164 123 156 240 92 
25 192 30 55 211 179 75 192 132 218 198 162 108 223 96 237 183 128 210 219 149 42 210 214 224 40 120 132 163 20 116 0 212 146 55 
26 167 70 130 104 202 92 46 109 201 14 205 182 197 77 136 161 226 178 115 184 147 156 49 23 63 69 140 63 26 30 119 193 100 249 
27 41 47 86 88 156 31 102 105 213 43 182 93 204 153 15 64 81 162 220 130 186 27 200 70 91 226 100 210 163 201 203 205 248 33 
28 37 148 64 139 253 21 182 179 114 131 76 130 195 158 36 159 32 222 186 232 36 21 202 137 231 110 82 179 59 74 212 96 222 21 
29 235 219 42 161 142 157 36 219 31 231 121 67 134 153 34 65 130 70 86 76 207 62 186 33 241 245 107 197 85 73 218 64 36 5 
30 226 179 162 6 142 193 238 7 4 116 160 38 181 34 109 12 111 60 74 41 94 59 31 201 0 116 19 219 181 55 224 151 234 130 
31 157 120 67 139 127 71 0 32 110 181 66 219 193 177 23 11 219 117 70 250 63 71 110 82 34 35 137 2 186 116 132 88 236 199 
32 227 108 14 227 140 124 153 206 87 90 128 111 102 91 228 172 85 35 243 195 117 21 231 255 23 161 115 155 249 95 98 221 203 113 
33 192 87 237 89 38 69 180 166 180 26 1 152 198 86 188 186 25 49 207 0 48 231 162 163 130 155 3 229 120 206 86 57 38 67 
34 146 76 136 70 242 60 96 243 213 39 73 145 225 98 194 176 99 243 151 5 150 26 160 153 255 25 104 85 82 142 152 228 218 33 
35 43 204 93 139 191 50 178 8 195 147 106 134 68 205 121 219 210 15 245 115 169 244 140 17 73 222 159 226 194 121 3 237 69 96 
36 121 4 147 43 12 86 191 118 220 3 68 85 222 22 101 212 137 14 200 21 31 18 243 190 244 182 55 247 163 124 87 28 128 234 
37 72 140 65 7 2 29 10 70 115 232 93 216 188 230 230 133 252 5 151 239 195 139 165 250 130 73 118 217 101 246 196 173 130 5 
38 180 132 34 190 203 149 167 40 109 99 14 83 232 10 88 127 250 27 10 159 21 140 232 139 102 78 129 42 251 3 47 176 136 81 
39 110 83 231 21 123 84 121 137 168 97 148 0 225 142 28 235 45 49 120 22 189 222 100 62 8 95 66 55 15 202 136 126 29 111 
40 147 152 196 12 33 108 110 181 108 79 67 136 58 113 186 178 135 119 144 235 181 152 74 247 207 90 193 88 216 222 199 107 118 139 
41 120 152 247 230 77 100 53 145 236 111 2 166 34 137 29 178 116 211 75 190 202 26 24 140 114 240 106 58 92 225 197 212 121 189 
42 186 198 33 239 87 13 94 89 180 128 226 209 51 86 164 126 21 111 152 45 251 11 30 101 69 122 70 10 78 191 199 8 134 232 
43 247 221 246 85 55 170 214 25 123 9 112 32 135 133 143 31 178 138 42 208 239 111 74 54 122 152 245 65 160 123 42 151 89 32 
44 237 144 202 195 169 69 204 25 101 83 158 244 114 81 126 157 33 110 12 108 164 134 4 153 200 165 21 242 60 110 18 41 254 220 
45 236 167 33 184 193 135 11 95 123 126 176 250 27 210 104 39 62 12 174 66 165 118 231 186 104 36 40 122 77 38 86 58 206 119 
46 242 143 254 254 238 122 124 159 116 151 113 220 190 175 232 108 241 141 226 217 72 74 253 112 196 74 151 26 132 101 146 119 244 144 
47 117 226 10 241 129 126 136 242 90 70 161 66 179 147 208 149 108 24 224 105 136 164 179 31 191 56 132 81 175 120 225 36 91 236 
48 21 220 106 157 207 197 227 112 7 150 3 215 44 111 239 12 216 120 176 140 151 111 196 28 192 115 148 162 151 239 142 172 204 248 
49 73 155 189 44 11 197 195 15 156 239 126 140 251 87 4 171 227 155 27 167 183 219 26 76 125 177 59 11 93 7 4 166 162 193 
50 210 174 134 149 189 35 132 59 175 127 146 179 43 117 78 70 28 6 33 54 82 159 231 141 170 68 149 174 234 55 112 189 229 246 
51 82 162 25 215 222 200 86 112 123 129 230 202 199 2 208 233 57 34 136 32 175 50 101 68 225 79 124 81 12 97 71 95 4 97 
52 54 226 41 140 82 165 14 56 111 213 59 63 190 116 97 70 148 16 121 249 85 90 73 209 171 85 50 242 180 54 83 234 24 125 
53 119 107 34 133 163 145 90 222 208 25 82 49 95 231 65 216 224 150 50 41 103 221 127 154 208 51 208 35 30 233 160 149 84 194 
54 26 247 83 116 214 35 141 40 84 237 15 150 197 240 44 248 25 148 213 152 46 165 204 254 201 234 231 105 127 59 44 153 51 127 
55 13 9 163 155 49 247 136 65 141 77 49 186 69 74 78 27 227 124 192 175 122 137 153 98 243 24 157 31 177 208 158 190 217 65 
56 89 11 57 225 76 198 47 125 128 116 199 206 143 170 74 80 89 197 217 242 39 204 10 196 235 187 149 138 122 110 203 211 121 4 
57 181 197 203 228 66 75 88 10 26 232 180 100 56 14 41 17 0 80 222 11 21 201 198 170 83 64 24 31 20 146 35 201 87 238 
58 173 154 58 5 164 84 237 88 184 37 102 226 55 103 50 21 114 71 222 56 241 50 121 10 81 141 156 116 86 243 99 3 141 157 
59 8 49 241 246 138 169 27 240 139 82 87 190 103 201 5 70 2 247 120 123 1 201 8 157 61 94 144 160 97 30 61 105 79 46 
60 95 217 216 123 202 99 205 33 33 53 235 39 123 237 30 243 104 31 188 112 188 249 206 76 154 47 106 215 152 186 6 248 147 222 
61 115 93 65 64 127 99 117 106 138 240 87 168 227 191 199 159 47 131 153 253 207 51 44 58 10 196 244 16 188 135 238 47 229 48 
62 112 100 147 229 206 29 214 37 197 185 228 140 89 19 15 242 16 222 37 60 24 47 0 12 64 189 148 46 236 121 94 92 221 241 
63 66 171 14 24 208 211 209 180 95 42 199 110 28 215 77 65 19 101 113 19 114 177 208 6 223 189 127 62 25 92 47 91 7 62 
64 115 215 17 69 139 113 111 82 223 140 41 44 205 60 146 62 79 4 239 32 10 207 221 137 13 246 229 60 82 236 122 197 195 140 
65 10 78 253 122 160 220 6 201 9 211 5 155 18 84 159 1 116 169 208 81 50 221 72 23 26 154 3 148 95 198 32 106 20 29 
66 228 180 250 234 125 3 189 130 158 207 214 61 209 75 230 161 156 24 127 228 47 153 126 50 45 222 248 78 72 12 107 44 192 101 
67 22 61 104 211 191 6 163 149 67 116 224 41 21 125 65 148 97 112 45 224 162 91 190 154 169 6 166 20 50 102 122 72 163 226 
68 27 98 233 190 248 44 50 216 86 72 85 151 220 183 8 10 151 170 101 85 69 14 91 235 34 141 82 156 213 245 127 240 88 104 
69 175 80 148 225 40 234 41 126 130 6 53 138 16 204 52 117 33 121 131 124 101 165 9 183 66 222 172 193 206 4 41 125 84 189 
70 95 125 168 136 251 42 142 48 180 158 252 232 19 29 98 150 153 199 60 162 126 126 128 42 63 78 47 104 204 131 37 43 0 205 
71 179 251 247 66 43 171 224 39 148 244 68 246 138 221 189 198 127 59 68 255 101 131 78 148 235 26 24 17 69 24 222 248 20 214 
72 58 63 129 27 103 21 15 171 11 153 137 200 96 8 3 164 8 105 40 86 253 19 112 21 36 181 46 3 173 66 217 232 129 90 
73 3 232 112 18 148 123 171 29 68 11 37 71 176 45 176 216 131 174 235 243 195 16 168 241 19 86 51 236 62 181 70 65 157 182 
74 83 49 50 254 78 118 10 116 189 186 161 110 146 37 28 125 24 223 141 193 209 160 23 4 140 85 185 211 150 87 137 233 136 187 
75 231 215 49 241 75 239 171 236 93 61 17 121 187 42 88 72 235 41 233 2 46 117 87 231 72 237 62 210 214 199 141 189 158 191 
76 175 233 174 90 213 11 152 231 132 83 17 220 155 252 6 132 254 52 250 85 27 66 66 90 20 24 33 162 213 191 97 132 168 15 
77 223 125 26 119 100 158 202 117 122 101 113 128 234 111 180 228 196 208 38 6 42 59 30 75 221 244 10 62 120 178 77 87 47 103 
78 206 148 5 152 9 127 254 123 0 232 234 180 204 175 132 242 181 174 45 212 249 10 200 3 72 64 181 149 152 229 252 102 121 1 
79 255 130 129 253 253 129 229 232 53 177 151 186 163 76 104 209 32 98 219 232 101 36 41 27 185 193 0 182 39 121 183 38 251 56 
80 35 249 185 8 225 239 185 120 169 93 196 17 46 229 115 9 205 217 45 246 244 231 183 244 157 223 109 84 5 104 141 41 97 70 
81 49 66 53 235 186 222 72 127 240 118 100 99 127 49 60 173 40 48 148 223 36 49 190 145 133 196 250 18 237 91 89 30 158 142 
82 9 88 109 81 215 93 199 59 192 71 109 253 244 149 45 136 116 82 185 51 227 62 247 221 81 228 57 170 2 215 56 12 47 165 
83 93 7 2 37 66 195 108 175 192 96 68 237 232 185 63 161 236 35 223 227 0 48 199 57 218 201 16 19 213 64 184 51 71 187 
84 88 137 126 196 57 62 36 125 43 12 54 107 173 34 142 140 5 142 189 204 200 151 150 216 170 107 24 99 158 95 30 246 233 156 
85 186 34 218 222 159 5 234 214 112 151 248 254 36 254 141 225 202 85 120 96 45 35 204 70 134 106 165 164 97 142 64 27 176 26 
86 250 80 31 228 38 144 124 30 142 160 28 27 129 231 112 249 71 158 28 19 228 162 126 137 70 223 24 134 250 200 160 244 24 192 
87 217 62 80 85 93 222 245 121 250 118 96 106 111 168 8 140 187 236 46 57 118 117 24 142 251 19 86 156 7 111 92 224 173 172 
88 53 10 138 42 132 132 160 228 239 16 140 247 156 72 228 202 129 90 63 154 232 59 173 62 215 180 173 51 149 91 223 202 101 105 
89 245 233 238 149 206 221 165 90 212 65 162 184 12 36 18 75 190 250 134 107 57 93 31 230 144 180 65 111 127 167 217 116 144 199 
90 9 94 164 175 185 120 240 91 49 252 127 67 72 61 62 206 168 119 44 200 93 188 124 159 44 251 70 5 111 214 204 121 53 112 
91 40 238 232 24 73 25 21 201 93 93 6 155 43 175 18 87 119 111 20 243 14 64 239 84 69 94 43 17 215 96 129 255 78 105 
92 24 151 131 45 96 224 138 103 123 181 22 141 13 141 252 33 128 11 97 111 95 166 206 138 183 165 234 56 165 56 161 189 208 36 
93 234 48 4 116 151 127 41 173 12 54 58 9 87 187 20 184 42 115 94 248 254 21 158 232 77 67 33 239 0 241 19 234 33 24 
94 94 185 151 135 102 164 190 161 173 21 92 193 206 134 52 44 127 50 66 29 27 143 96 60 126 96 45 146 74 78 170 168 7 65 
95 47 110 229 237 15 146 3 107 83 209 241 136 253 112 186 63 141 213 207 237 17 77 77 62 223 151 141 137 63 148 203 111 2 176 
96 92 17 67 95 124 150 48 110 30 46 222 217 109 108 174 60 89 192 138 167 254 105 62 139 243 126 32 190 237 34 110 73 52 177 
97 169 176 72 217 30 102 7 253 63 117 105 238 177 194 174 59 105 172 165 168 56 152 38 88 86 19 122 196 92 174 118 5 95 190 
98 223 125 36 230 122 100 91 227 82 13 166 0 72 15 172 237 183 228 133 221 60 219 240 183 160 77 101 22 82 196 212 49 66 248 
99 24 188 92 115 160 174 128 70 174 201 85 91 182 13 63 60 234 124 23 219 51 183 40 152 205 122 93 161 172 159 154 196 91 246 
