0 163 178 94 84 194 2 120 137 163 169 240 168 182 31 34 112 155 108 239 221 56 165 164 106 199 11 5 61 201 251 128 108 173 222 
1 192 112 224 56 249 131 225 233 43 151 8 77 8 163 185 247 128 241 156 36 92 99 48 97 160 249 92 32 101 10 254 37 122 222 
2 94 115 97 63 92 140 215 100 218 223 7 147 214 136 133 114 172 225 213 220 66 118 213 159 150 58 169 149 96 35 115 190 150 213 
3 253 242 97 212 86 59 179 93 207 137 229 84 251 146 53 209 110 119 71 68 22 221 126 191 114 222 226 230 156 120 187 154 106 28 
4 110 192 88 34 30 39 171 3 123 167 149 176 120 4 39 191 72 62 156 198 253 15 165 224 245 65 88 176 219 195 204 74 131 36 
5 108 161 75 23 165 198 190 58 118 54 62 158 245 134 220 146 77 217 161 242 185 150 51 18 70 15 213 18 89 88 55 197 250 130 
6 220 159 73 155 217 191 209 24 93 199 158 57 89 235 19 250 221 204 144 17 222 214 32 179 232 121 12 31 62 6 162 26 165 235 
7 181 126 170 135 150 8 78 53 65 167 32 84 161 254 33 49 15 255 7 47 179 239 168 191 15 230 197 177 0 106 156 182 232 70 
8 61 127 78 139 180 144 50 212 228 211 210 5 4 225 5 11 16 184 250 184 119 9 158 60 186 159 166 86 85 142 157 146 13 235 
9 29 193 123 79 150 96 34 104 101 38 74 106 49 90 34 43 19 153 53 177 213 239 80 123 70 165 10 227 55 23 206 84 217 74 
10 163 111 170 197 215 15 235 33 122 28 124 156 72 143 54 125 64 11 108 145 135 178 54 145 149 110 168 100 194 129 174 102 240 88 
11 43 200 103 23 233 225 51 101 126 123 244 180 248 53 191 101 198 70 23 252 215 173 106 128 17 45 1 191 147 242 23 190 186 126 
12 213 163 96 9 9 222 132 253 146 125 50 81 226 248 152 249 245 111 166 95 239 183 140 241 118 31 227 141 222 157 12 179 64 108 
13 188 73 74 65 71 220 190 121 45 160 114 197 153 103 53 64 198 36 247 83 21 110 114 248 251 80 149 7 4 214 115 192 31 189 
14 1 102 153 191 224 199 95 82 140 249 185 193 57 127 230 48 210 251 158 69 244 154 149 137 161 153 95 21 90 127 210 91 229 108 
15 27 197 51 122 23 191 115 208 129 172 80 103 221 34 98 123 103 86 21 253 224 183 150 63 204 240 190 158 76 164 10 103 105 61 
16 225 129 253 85 81 126 1 161 229 222 196 71 90 43 158 111 40 126 38 191 189 242 175 124 145 251 32 155 98 137 217 68 10 214 
17 153 92 84 154 253 57 121 193 128 211 237 30 66 21 156 105 212 90 91 132 214 236 127 246 136 226 127 97 38 138 55 191 230 139 
18 89 227 196 210 165 68 165 146 99 232 167 255 81 124 89 172 0 47 153 127 37 33 97 165 130 135 47 185 70 21 68 160 248 8 
19 114 157 76 24 47 175 0 215 175 81 83 8 253 83 56 150 210 93 183 52 2 57 187 49 242 2 70 54 162 63 62 20 220 139 
20 44 12 58 44 227 233 125 54 242 123 137 42 17 91 135 201 143 138 2 75 187 245 77 2 43 239 65 106 3 29 245 48 41 47 
21 92 12 25 218 66 11 85 203 53 102 39 188 47 182 70 50 1 2 39 78 4 82 61 69 188 65 98 177 113 140 225 205 152 250 
22 167 219 5 252 166 58 99 205 246 146 132 61 196 133 63 235 212 67 62 17 136 250 82 234 172 195 118 141 145 15 135 56 234 140 
23 53 144 198 152 94 188 42 226 249 239 103 56 218 59 123 24 77 3 19 159 238 191 99 100 76 244 115 211 44 93 95 97 238 37 
24 249 76 225 36 46 219 19 149 19 237 209 143 6 30 146 25 189 128 216 32 229 36 20 88 247 65 182 86 162 164 123 156 240 92 
25 192 30 55 211 179 75 192 132 218 198 162 108 223 96 237 183 128 210 219 149 42 210 214 224 40 120 132 163 20 116 0 212 146 55 
26 167 70 130 104 202 92 46 109 201 14 205 182 197 77 136 161 226 178 115 184 147 156 49 23 63 69 140 63 26 30 119 193 100 249 
27 41 47 86 88 156 31 102 105 213 43 182 93 204 153 15 64 81 162 220 130 186 27 200 70 91 226 100 210 163 201 203 205 248 33 
28 37 148 64 139 253 21 182 179 114 131 76 130 195 158 36 159 32 222 186 232 36 21 202 137 231 110 82 179 59 74 212 96 222 21 
29 235 219 42 161 142 157 36 219 31 231 121 67 134 153 34 65 130 70 86 76 207 62 186 33 241 245 107 197 85 73 218 64 36 5 
30 226 179 162 6 142 193 238 7 4 116 160 38 181 34 109 12 111 60 74 41 94 59 31 201 0 116 19 219 181 55 224 151 234 130 
31 157 120 67 139 127 71 0 32 110 181 66 219 193 177 23 11 219 117 70 250 63 71 110 82 34 35 137 2 186 116 132 88 236 199 
32 227 108 14 227 140 124 153 206 87 90 128 111 102 91 228 172 85 35 243 195 117 21 231 255 23 161 115 155 249 95 98 221 203 113 
33 192 87 237 89 38 69 180 166 180 26 1 152 198 86 188 186 25 49 207 0 48 231 162 163 130 155 3 229 120 206 86 57 38 67 
34 146 76 136 70 242 60 96 243 213 39 73 145 225 98 194 176 99 243 151 5 150 26 160 153 255 25 104 85 82 142 152 228 218 33 
35 43 204 93 139 191 50 178 8 195 147 106 134 68 205 121 219 210 15 245 115 169 244 140 17 73 222 159 226 194 121 3 237 69 96 
36 121 4 147 43 12 86 191 118 220 3 68 85 222 22 101 212 137 14 200 21 31 18 243 190 244 182 55 247 163 124 87 28 128 234 
37 72 140 65 7 2 29 10 70 115 232 93 216 188 230 230 133 252 5 151 239 195 139 165 250 130 73 118 217 101 246 196 173 130 5 
38 180 132 34 190 203 149 167 40 109 99 14 83 232 10 88 127 250 27 10 159 21 140 232 139 102 78 129 42 251 3 47 176 136 81 
39 110 83 231 21 123 84 121 137 168 97 148 0 225 142 28 235 45 49 120 22 189 222 100 62 8 95 66 55 15 202 136 126 29 111 
40 147 152 196 12 33 108 110 181 108 79 67 136 58 113 186 178 135 119 144 235 181 152 74 247 207 90 193 88 216 222 199 107 118 139 
41 120 152 247 230 77 100 53 145 236 111 2 166 34 137 29 178 116 211 75 190 202 26 24 140 114 240 106 58 92 225 197 212 121 189 
42 186 198 33 239 87 13 94 89 180 128 226 209 51 86 164 126 21 111 152 45 251 11 30 101 69 122 70 10 78 191 199 8 134 232 
43 247 221 246 85 55 170 214 25 123 9 112 32 135 133 143 31 178 138 42 208 239 111 74 54 122 152 245 65 160 123 42 151 89 32 
44 237 144 202 195 169 69 204 25 101 83 158 244 114 81 126 157 33 110 12 108 164 134 4 153 200 165 21 242 60 110 18 41 254 220 
45 236 167 33 184 193 135 11 95 123 126 176 250 27 210 104 39 62 12 174 66 165 118 231 186 104 36 40 122 77 38 86 58 206 119 
46 242 143 254 254 238 122 124 159 116 151 113 220 190 175 232 108 241 141 226 217 72 74 253 112 196 74 151 26 132 101 146 119 244 144 
47 117 226 10 241 129 126 136 242 90 70 161 66 179 147 208 149 108 24 224 105 136 164 179 31 191 56 132 81 175 120 225 36 91 236 
48 21 220 106 157 207 197 227 112 7 150 3 215 44 111 239 12 216 120 176 140 151 111 196 28 192 115 148 162 151 239 142 172 204 248 
49 73 155 189 44 11 197 195 15 156 239 126 140 251 87 4 171 227 155 27 167 183 219 26 76 125 177 59 11 93 7 4 166 162 193 
50 210 174 134 149 189 35 132 59 175 127 146 179 43 117 78 70 28 6 33 54 82 159 231 141 170 68 149 174 234 55 112 189 229 246 
51 82 162 25 215 222 200 86 112 123 129 230 202 199 2 208 233 57 34 136 32 175 50 101 68 225 79 124 81 12 97 71 95 4 97 
52 54 226 41 140 82 165 14 56 111 213 59 63 190 116 97 70 148 16 121 249 85 90 73 209 171 85 50 242 180 54 83 234 24 125 
53 119 107 34 133 163 145 90 222 208 25 82 49 95 231 65 216 224 150 50 41 103 221 127 154 208 51 208 35 30 233 160 149 84 194 
54 26 247 83 116 214 35 141 40 84 237 15 150 197 240 44 248 25 148 213 152 46 165 204 254 201 234 231 105 127 59 44 153 51 127 
55 13 9 163 155 49 247 136 65 141 77 49 186 69 74 78 27 227 124 192 175 122 137 153 98 243 24 157 31 177 208 158 190 217 65 
56 89 11 57 225 76 198 47 125 128 116 199 206 143 170 74 80 89 197 217 242 39 204 10 196 235 187 149 138 122 110 203 211 121 4 
57 181 197 203 228 66 75 88 10 26 232 180 100 56 14 41 17 0 80 222 11 21 201 198 170 83 64 24 31 20 146 35 201 87 238 
58 173 154 58 5 164 84 237 88 184 37 102 226 55 103 50 21 114 71 222 56 241 50 121 10 81 141 156 116 86 243 99 3 141 157 
59 8 49 241 246 138 169 27 240 139 82 87 190 103 201 5 70 2 247 120 123 1 201 8 157 61 94 144 160 97 30 61 105 79 46 
60 95 217 216 123 202 99 205 33 33 53 235 39 123 237 30 243 104 31 188 112 188 249 206 76 154 47 106 215 152 186 6 248 147 222 
61 115 93 65 64 127 99 117 106 138 240 87 168 227 191 199 159 47 131 153 253 207 51 44 58 10 196 244 16 188 135 238 47 229 48 
62 112 100 147 229 206 29 214 37 197 185 228 140 89 19 15 242 16 222 37 60 24 47 0 12 64 189 148 46 236 121 94 92 221 241 
63 66 171 14 24 208 211 209 180 95 42 199 110 28 215 77 65 19 101 113 19 114 177 208 6 223 189 127 62 25 92 47 91 7 62 
64 115 215 17 69 139 113 111 82 223 140 41 44 205 60 146 62 79 4 239 32 10 207 221 137 13 246 229 60 82 236 122 197 195 140 
65 10 78 253 122 160 220 6 201 9 211 5 155 18 84 159 1 116 169 208 81 50 221 72 23 26 154 3 148 95 198 32 106 20 29 
66 228 180 250 234 125 3 189 130 158 207 214 61 209 75 230 161 156 24 127 228 47 153 126 50 45 222 248 78 72 12 107 44 192 101 
67 22 61 104 211 191 6 163 149 67 116 224 41 21 125 65 148 97 112 45 224 162 91 190 154 169 6 166 20 50 102 122 72 163 226 
68 27 98 233 190 248 44 50 216 86 72 85 151 220 183 8 10 151 170 101 85 69 14 91 235 34 141 82 156 213 245 127 240 88 104 
69 175 80 148 225 40 234 41 126 130 6 53 138 16 204 52 117 33 121 131 124 101 165 9 183 66 222 172 193 206 4 41 125 84 189 
70 95 125 168 136 251 42 142 48 180 158 252 232 19 29 98 150 153 199 60 162 126 126 128 42 63 78 47 104 204 131 37 43 0 205 
71 179 251 247 66 43 171 224 39 148 244 68 246 138 221 189 198 127 59 68 255 101 131 78 148 235 26 24 17 69 24 222 248 20 214 
72 58 63 129 27 103 21 15 171 11 153 137 200 96 8 3 164 8 105 40 86 253 19 112 21 36 181 46 3 173 66 217 232 129 90 
73 3 232 112 18 148 123 171 29 68 11 37 71 176 45 176 216 131 174 235 243 195 16 168 241 19 86 51 236 62 181 70 65 157 182 
74 83 49 50 254 78 118 10 116 189 186 161 110 146 37 28 125 24 223 141 193 209 160 23 4 140 85 185 211 150 87 137 233 136 187 
75 231 215 49 241 75 239 171 236 93 61 17 121 187 42 88 72 235 41 233 2 46 117 87 231 72 237 62 210 214 199 141 189 158 191 
76 175 233 174 90 213 11 152 231 132 83 17 220 155 252 6 132 254 52 250 85 27 66 66 90 20 24 33 162 213 191 97 132 168 15 
77 223 125 26 119 100 158 202 117 122 101 113 128 234 111 180 228 196 208 38 6 42 59 30 75 221 244 10 62 120 178 77 87 47 103 
78 206 148 5 152 9 127 254 123 0 232 234 180 204 175 132 242 181 174 45 212 249 10 200 3 72 64 181 149 152 229 252 102 121 1 
79 255 130 129 253 253 129 229 232 53 177 151 186 163 76 104 209 32 98 219 232 101 36 41 27 185 193 0 182 39 121 183 38 251 56 
80 35 249 185 8 225 239 185 120 169 93 196 17 46 229 115 9 205 217 45 246 244 231 183 244 157 223 109 84 5 104 141 41 97 70 
81 49 66 53 235 186 222 72 127 240 118 100 99 127 49 60 173 40 48 148 223 36 49 190 145 133 196 250 18 237 91 89 30 158 142 
82 9 88 109 81 215 93 199 59 192 71 109 253 244 149 45 136 116 82 185 51 227 62 247 221 81 228 57 170 2 215 56 12 47 165 
83 93 7 2 37 66 195 108 175 192 96 68 237 232 185 63 161 236 35 223 227 0 48 199 57 218 201 16 19 213 64 184 51 71 187 
84 88 137 126 196 57 62 36 125 43 12 54 107 173 34 142 140 5 142 189 204 200 151 150 216 170 107 24 99 158 95 30 246 233 156 
85 186 34 218 222 159 5 234 214 112 151 248 254 36 254 141 225 202 85 120 96 45 35 204 70 134 106 165 164 97 142 64 27 176 26 
86 250 80 31 228 38 144 124 30 142 160 28 27 129 231 112 249 71 158 28 19 228 162 126 137 70 223 24 134 250 200 160 244 24 192 
87 217 62 80 85 93 222 245 121 250 118 96 106 111 168 8 140 187 236 46 57 118 117 24 142 251 19 86 156 7 111 92 224 173 172 
88 53 10 138 42 132 132 160 228 239 16 140 247 156 72 228 202 129 90 63 154 232 59 173 62 215 180 173 51 149 91 223 202 101 105 
89 245 233 238 149 206 221 165 90 212 65 162 184 12 36 18 75 190 250 134 107 57 93 31 230 144 180 65 111 127 167 217 116 144 199 
90 9 94 164 175 185 120 240 91 49 252 127 67 72 61 62 206 168 119 44 200 93 188 124 159 44 251 70 5 111 214 204 121 53 112 
91 40 238 232 24 73 25 21 201 93 93 6 155 43 175 18 87 119 111 20 243 14 64 239 84 69 94 43 17 215 96 129 255 78 105 
92 24 151 131 45 96 224 138 103 123 181 22 141 13 141 252 33 128 11 97 111 95 166 206 138 183 165 234 56 165 56 161 189 208 36 
93 234 48 4 116 151 127 41 173 12 54 58 9 87 187 20 184 42 115 94 248 254 21 158 232 77 67 33 239 0 241 19 234 33 24 
94 94 185 151 135 102 164 190 161 173 21 92 193 206 134 52 44 127 50 66 29 27 143 96 60 126 96 45 146 74 78 170 168 7 65 
95 47 110 229 237 15 146 3 107 83 209 241 136 253 112 186 63 141 213 207 237 17 77 77 62 223 151 141 137 63 148 203 111 2 176 
96 92 17 67 95 124 150 48 110 30 46 222 217 109 108 174 60 89 192 138 167 254 105 62 139 243 126 32 190 237 34 110 73 52 177 
97 169 176 72 217 30 102 7 253 63 117 105 238 177 194 174 59 105 172 165 168 56 152 38 88 86 19 122 196 92 174 118 5 95 190 
98 223 125 36 230 122 100 91 227 82 13 166 0 72 15 172 237 183 228 133 221 60 219 240 183 160 77 101 22 82 196 212 49 66 248 
99 24 188 92 115 160 174 128 70 174 201 85 91 182 13 63 60 234 124 23 219 51 183 40 152 205 122 93 161 172 159 154 196 91 246 
100 55 251 165 184 65 83 129 151 174 55 164 238 115 142 106 139 105 157 66 145 53 16 12 146 177 184 49 75 124 141 66 179 136 231 
101 107 202 58 236 97 233 36 5 215 151 147 65 34 253 222 101 142 19 117 154 166 38 82 215 114 206 100 180 130 237 155 237 183 213 
102 218 24 190 254 29 149 149 176 214 184 173 180 29 60 200 146 214 110 184 41 69 42 247 170 222 121 151 121 103 78 79 65 102 13 
103 63 131 163 212 51 121 140 225 46 169 29 246 59 243 100 244 28 169 30 20 83 253 141 234 118 244 56 197 53 158 211 116 33 118 
104 73 85 239 213 54 29 127 83 19 186 70 119 174 99 33 205 119 116 202 4 95 64 249 151 6 46 54 217 163 87 79 236 172 62 
105 193 226 92 64 53 111 251 124 231 169 223 8 118 86 124 64 90 219 129 83 115 135 130 169 96 37 0 175 17 173 237 210 143 73 
106 19 197 185 14 65 160 183 32 168 46 118 36 110 208 0 239 36 115 118 166 28 214 203 28 133 220 201 115 174 89 188 193 30 117 
107 207 95 21 135 127 189 181 245 226 35 197 226 19 233 85 137 143 113 96 90 141 229 54 87 88 229 176 21 166 206 138 118 45 160 
108 253 172 93 178 161 63 213 102 33 232 80 118 114 223 231 210 58 117 183 112 204 16 85 124 37 252 74 175 114 119 79 111 35 173 
109 33 196 236 246 42 14 223 122 132 81 90 108 35 148 225 218 4 173 234 90 41 15 86 115 191 200 234 14 55 13 187 88 209 168 
110 78 251 182 45 118 58 126 208 166 161 100 135 124 104 52 102 194 93 118 24 208 53 224 186 67 23 199 255 111 152 167 190 148 93 
111 235 10 151 106 218 62 11 62 197 135 166 250 238 105 87 100 129 40 153 98 226 220 121 170 219 233 66 130 167 214 223 146 224 119 
112 252 186 181 8 248 122 143 159 116 125 8 204 225 137 244 122 235 214 87 101 128 50 78 195 181 245 153 148 135 122 11 132 52 192 
113 140 45 59 27 204 175 153 212 123 122 93 111 245 73 70 76 174 198 126 252 137 51 241 35 200 120 157 211 252 209 148 136 254 207 
114 164 202 126 61 158 250 183 252 105 172 69 175 248 243 118 119 239 255 170 224 34 114 88 191 70 85 145 218 221 143 169 129 90 39 
115 190 248 33 118 244 139 34 57 58 27 44 176 146 27 176 60 251 210 175 84 146 245 169 35 207 134 178 120 8 12 159 198 5 193 
116 60 249 76 95 51 134 122 95 55 12 123 231 72 118 185 247 202 75 236 115 110 187 250 33 51 2 45 211 200 50 148 5 44 224 
117 100 95 102 222 190 157 234 57 132 50 176 62 42 122 137 22 238 248 210 232 25 5 234 70 216 178 121 108 183 165 76 27 4 179 
118 249 194 80 227 252 213 22 172 19 64 38 156 86 20 148 40 252 173 46 230 244 6 153 109 115 80 18 191 108 22 114 101 216 195 
119 73 212 152 95 128 171 159 167 71 245 187 220 30 184 137 76 158 125 82 55 234 197 136 252 133 244 18 247 89 235 186 162 191 82 
120 1 64 253 160 231 69 150 162 33 180 90 170 0 249 40 82 48 18 24 184 15 157 172 33 148 6 12 79 168 204 161 170 12 159 
121 74 243 228 224 149 5 148 240 175 148 233 215 231 25 234 255 210 249 156 126 26 48 132 39 127 45 243 33 215 255 192 33 242 164 
122 2 135 169 150 119 88 43 96 48 18 122 26 17 76 19 173 202 45 221 79 84 93 124 71 126 83 70 62 116 56 226 118 192 139 
123 13 55 227 56 152 19 74 18 45 91 94 64 8 40 110 229 119 194 66 243 10 192 70 80 254 187 137 224 49 73 107 62 128 79 
124 118 24 98 192 42 144 27 136 208 35 177 62 9 40 1 75 28 11 12 98 91 10 29 228 235 79 45 86 141 174 165 4 198 8 
125 196 241 152 224 121 104 3 42 167 12 83 168 88 111 179 100 209 14 110 239 243 89 62 32 176 203 206 85 207 149 93 148 134 245 
126 116 255 94 119 42 5 132 125 173 220 236 96 64 189 110 174 172 97 8 234 130 184 182 80 13 133 229 107 25 107 96 141 107 190 
127 5 149 195 137 18 112 101 254 208 165 187 63 83 104 160 91 82 34 19 8 115 33 142 88 140 167 196 236 53 47 171 58 196 110 
128 195 214 223 40 212 175 205 143 238 32 247 143 124 74 177 143 82 36 176 224 125 60 136 65 41 189 112 212 247 52 66 186 10 33 
129 226 222 209 175 109 191 207 101 78 75 175 0 219 1 36 139 226 161 200 106 226 241 39 82 197 30 134 7 216 144 41 186 110 250 
130 105 220 185 56 65 8 132 240 8 95 241 44 234 211 206 178 61 176 163 100 3 104 130 137 112 90 26 153 20 136 147 125 100 76 
131 182 165 84 58 149 92 153 135 137 131 90 87 54 152 7 217 252 10 66 127 148 178 217 174 75 238 54 222 107 155 42 33 64 127 
132 91 214 219 244 93 100 120 183 187 174 79 195 135 76 205 201 203 97 123 164 15 198 146 70 164 254 225 207 31 33 78 123 247 41 
133 111 84 142 231 12 73 149 91 12 29 167 218 230 114 59 98 23 75 40 169 145 205 167 114 156 199 147 234 66 139 19 177 223 161 
134 153 235 235 46 71 247 75 238 209 50 97 13 148 120 88 188 33 233 137 201 91 37 144 238 15 210 121 35 131 89 196 28 68 175 
135 75 139 167 150 122 120 200 219 133 92 83 221 25 116 198 162 61 33 200 205 16 215 159 137 250 35 226 191 63 39 110 138 178 21 
136 33 44 142 233 7 19 70 90 241 95 207 183 1 12 217 201 218 233 161 121 114 155 156 85 90 220 124 201 102 46 222 135 91 108 
137 113 98 128 183 189 113 22 140 40 23 152 1 225 114 234 130 236 93 29 136 178 120 100 46 65 203 92 31 82 183 140 195 26 12 
138 122 215 125 144 99 165 168 251 167 137 110 145 11 90 238 40 226 160 160 71 206 225 18 43 1 100 226 141 40 252 153 162 211 22 
139 51 54 187 219 50 98 100 160 244 111 250 226 151 220 131 56 35 81 25 53 124 26 154 95 167 194 91 64 100 47 86 151 101 18 
140 114 151 116 214 55 104 69 49 75 221 14 206 21 49 31 46 103 156 73 1 251 240 195 86 49 39 133 135 191 235 153 49 130 14 
141 8 186 118 77 235 193 42 249 143 63 43 175 110 146 75 183 147 70 167 86 156 216 125 34 96 60 13 249 110 143 7 118 73 126 
142 195 53 63 238 46 207 45 89 126 155 235 201 82 126 15 250 212 171 210 82 205 50 142 218 44 252 106 51 114 179 177 54 232 241 
143 36 23 192 81 112 62 237 92 7 63 218 22 57 175 193 12 1 143 62 143 105 106 140 211 158 254 135 79 52 111 64 88 134 0 
144 170 247 62 151 83 69 214 45 91 16 220 29 28 221 172 90 109 21 197 249 233 99 247 112 178 44 223 243 132 102 243 46 93 50 
145 197 176 119 156 221 211 172 186 240 200 151 156 34 4 177 231 253 154 74 245 10 253 33 234 240 165 80 227 212 173 21 153 93 141 
146 53 58 96 225 244 80 169 140 236 204 144 157 179 142 56 254 131 66 251 164 44 235 73 124 206 29 41 228 183 134 113 236 193 209 
147 206 181 33 119 65 13 67 210 170 247 96 226 245 227 37 240 135 81 219 208 206 169 238 247 141 165 126 254 145 63 207 95 244 240 
148 215 54 253 26 8 168 17 104 138 6 75 175 246 210 1 209 162 207 123 144 198 8 53 68 7 199 131 214 38 120 199 253 174 196 
149 24 182 108 41 30 247 48 105 166 38 59 167 248 221 118 115 110 61 123 163 129 130 106 5 89 145 125 32 142 43 228 166 225 81 
150 208 255 72 0 104 238 38 163 150 30 128 12 145 238 73 13 146 203 143 252 208 232 141 77 8 28 120 237 194 89 62 146 88 134 
151 146 192 116 185 99 10 215 227 23 105 210 96 118 100 43 5 96 251 238 238 72 246 10 192 227 204 25 33 95 113 167 241 49 28 
152 170 148 38 130 120 61 235 74 158 97 174 201 102 14 197 84 252 13 75 6 206 46 211 231 80 50 89 247 35 138 19 206 31 58 
153 80 151 119 59 225 21 156 143 223 2 157 164 87 154 177 162 160 127 208 115 103 32 165 192 24 201 74 43 151 105 101 231 0 221 
154 34 225 242 190 112 209 192 14 117 23 168 39 185 72 166 138 188 13 170 97 205 194 42 24 238 193 129 83 168 130 48 202 99 35 
155 136 212 244 73 226 106 96 138 145 26 210 55 164 142 69 78 240 18 17 26 42 255 220 172 82 132 46 131 79 145 166 215 101 154 
156 32 71 4 129 209 149 155 164 205 63 50 18 141 34 36 158 61 79 157 25 251 240 157 41 115 236 186 25 196 32 179 228 103 184 
157 101 57 77 0 221 26 63 15 44 205 50 81 107 111 160 9 136 155 249 37 196 108 18 126 133 214 158 56 186 6 240 32 63 62 
158 32 28 88 96 43 133 45 93 214 152 204 118 161 84 17 154 122 213 6 140 83 139 98 242 196 28 248 180 60 55 242 93 83 75 
159 189 126 208 234 220 166 130 168 28 36 253 45 190 119 2 197 3 85 80 101 71 20 129 63 201 190 118 187 27 201 6 216 72 214 
160 194 36 124 68 204 152 104 201 197 39 64 199 236 67 29 60 168 100 81 42 164 26 232 26 213 3 228 220 219 44 178 157 80 47 
161 225 28 199 74 230 141 113 38 84 93 106 113 153 18 214 234 60 122 4 36 148 218 39 120 182 2 164 104 159 244 151 129 17 95 
162 203 247 236 60 29 64 153 135 178 50 154 136 29 214 2 33 251 150 251 34 15 177 37 179 26 196 168 177 69 185 16 16 176 252 
163 76 205 61 229 85 239 24 239 119 53 197 121 86 192 15 82 227 30 3 8 210 29 204 122 207 18 51 223 34 227 220 111 176 25 
164 84 5 8 108 244 127 161 186 248 248 122 7 74 93 38 77 101 248 107 50 114 58 68 165 25 102 136 245 213 56 14 42 62 22 
165 150 50 149 56 236 141 48 103 149 122 196 187 199 42 179 50 92 37 108 160 202 134 6 82 123 220 138 138 6 200 160 156 251 54 
166 212 231 195 4 78 88 126 19 19 70 61 198 120 153 235 229 57 181 107 63 7 230 27 146 112 33 90 17 190 85 71 146 61 10 
167 151 139 99 21 158 118 91 219 61 212 116 40 185 173 222 36 237 229 10 8 119 123 42 210 140 232 39 211 122 100 221 17 240 64 
168 39 142 183 130 106 244 86 222 28 15 140 250 51 121 224 62 129 87 185 171 41 69 147 81 24 14 181 245 31 165 54 70 52 237 
169 201 158 225 31 124 253 47 8 248 98 129 216 160 3 47 89 174 89 158 66 170 182 80 95 172 111 5 226 182 57 207 127 215 176 
170 158 83 173 205 92 165 48 221 125 208 224 173 42 143 6 200 209 176 127 33 15 43 144 20 13 70 77 220 197 36 140 100 120 57 
171 49 212 223 97 177 92 50 146 9 92 33 15 36 242 191 163 19 207 206 163 227 219 234 49 183 175 85 67 19 205 125 69 161 92 
172 166 83 184 216 229 194 52 6 209 89 248 145 252 11 96 203 174 67 166 152 116 94 72 202 161 91 151 30 160 57 122 71 140 51 
173 31 113 245 84 119 198 173 111 87 169 122 183 116 40 251 27 193 111 121 9 57 26 100 209 57 5 10 179 76 150 230 107 7 219 
174 191 126 162 108 237 249 22 103 177 138 143 172 165 80 27 30 89 85 57 190 38 114 195 48 37 15 198 12 122 205 231 58 75 137 
175 166 56 131 188 159 52 71 46 224 236 127 251 11 216 80 68 150 118 182 89 166 219 104 108 231 227 57 207 29 132 88 195 188 219 
176 128 91 15 199 138 239 179 9 235 190 225 59 2 120 178 184 209 88 148 58 197 123 29 254 74 58 131 163 253 63 126 125 155 142 
177 68 37 125 248 46 104 182 15 164 185 135 86 113 89 174 5 147 115 129 176 114 203 234 245 110 231 52 237 101 207 123 169 244 248 
178 161 34 97 88 50 5 17 185 91 130 18 9 136 165 125 9 85 239 212 63 228 67 39 24 48 140 232 171 53 220 163 215 255 4 
179 47 49 9 64 234 100 194 253 110 74 162 235 83 248 218 40 55 190 107 94 214 155 234 190 70 32 155 233 247 154 238 38 203 247 
180 102 181 92 40 178 202 115 85 181 198 77 143 238 132 77 89 227 35 244 205 226 58 237 125 36 228 23 18 10 226 9 112 151 101 
181 153 74 47 12 159 228 210 236 115 193 112 192 26 83 228 15 33 198 73 14 67 109 243 90 127 253 60 137 110 211 238 7 29 30 
182 19 188 2 229 168 118 166 25 54 193 108 26 208 141 224 25 156 35 135 143 125 6 140 185 143 250 141 126 1 170 156 20 103 158 
183 250 15 20 160 40 75 97 149 101 49 34 70 75 190 105 210 77 231 216 218 160 104 212 45 230 214 216 130 234 63 32 228 78 53 
184 133 119 128 230 12 229 24 46 43 99 237 149 53 58 124 13 20 28 117 233 74 91 191 34 221 169 97 254 142 175 51 19 38 179 
185 249 50 152 17 97 196 116 78 89 169 136 213 183 157 241 44 134 59 136 69 93 101 238 190 99 124 110 150 143 148 73 137 199 226 
186 154 40 166 15 118 255 184 254 212 111 155 197 156 33 1 36 102 94 137 85 29 237 209 139 131 97 31 205 234 230 175 132 14 85 
187 147 132 84 76 131 40 187 30 237 87 64 238 123 166 77 5 251 106 242 205 245 117 46 20 66 24 251 241 156 9 70 48 142 154 
188 124 17 194 55 47 176 143 111 158 10 22 235 15 17 85 1 222 74 119 12 95 185 36 90 171 193 99 241 241 241 140 109 2 78 
189 164 50 254 51 161 157 62 183 136 77 201 222 79 167 40 198 180 135 127 216 225 42 153 69 28 138 54 168 247 57 246 156 107 245 
190 207 12 146 13 196 26 91 141 248 170 52 33 112 232 168 239 193 138 26 90 207 54 229 5 222 220 62 212 120 169 201 72 182 91 
191 85 122 118 176 7 110 90 59 143 202 36 56 186 229 194 212 63 145 10 36 150 232 1 213 188 121 126 134 193 52 225 23 174 87 
192 199 181 198 34 241 85 236 21 141 166 250 79 122 57 224 132 94 119 108 95 76 41 216 202 175 154 255 144 177 173 232 120 99 174 
193 154 84 3 135 105 145 45 99 224 168 156 193 44 250 56 153 89 132 194 50 78 113 204 77 1 125 251 233 245 94 151 144 178 155 
194 23 27 44 68 126 12 236 26 205 25 21 5 178 110 137 116 160 216 229 108 37 230 233 32 208 223 126 103 111 48 2 134 75 46 
195 202 201 59 183 228 8 208 249 14 130 103 151 246 8 111 219 116 149 193 94 181 145 61 52 249 172 100 251 50 176 42 252 121 101 
196 179 93 109 131 86 123 5 190 19 251 198 130 214 58 23 152 152 205 41 213 1 34 129 101 30 179 21 72 176 143 173 99 236 26 
197 231 67 150 236 1 169 232 199 43 190 1 67 86 154 16 128 111 17 162 241 118 192 164 140 8 84 27 181 184 7 208 159 74 102 
198 139 75 15 115 18 58 50 20 125 136 174 141 8 29 158 171 14 21 107 179 161 116 7 188 41 191 195 249 94 14 95 234 89 110 
199 93 108 169 143 128 38 24 46 180 32 75 82 203 90 103 55 13 8 171 20 196 212 212 136 206 50 150 45 28 239 156 122 91 69 
200 9 219 107 33 9 31 66 85 114 13 175 217 68 188 226 239 208 166 196 164 46 146 215 196 191 243 180 91 109 15 160 119 235 12 
201 152 244 43 218 73 157 232 248 119 44 180 89 28 133 255 224 41 46 114 0 242 49 244 166 141 97 182 45 216 161 57 113 149 101 
202 75 223 2 51 215 121 96 140 210 124 17 210 92 58 0 206 59 242 255 47 153 140 144 79 186 105 240 243 218 133 88 37 100 91 
203 89 60 212 185 200 167 53 217 121 145 19 121 95 78 107 94 125 4 235 14 83 165 119 67 152 81 201 241 118 45 76 207 105 32 
204 136 49 199 189 10 64 78 30 185 173 108 37 12 234 41 247 248 125 156 111 192 52 192 137 37 54 183 113 6 32 146 142 82 89 
205 76 92 154 154 122 83 72 231 120 84 209 162 75 201 31 231 56 223 27 248 105 65 46 32 178 52 64 68 195 146 158 15 239 56 
206 169 105 139 241 80 4 69 33 166 144 234 197 119 34 164 147 26 13 212 73 45 134 125 110 203 64 0 105 79 239 161 249 89 44 
207 234 169 48 48 203 214 192 181 155 56 216 64 203 242 77 159 59 123 37 185 233 240 249 233 89 73 217 250 66 50 39 44 219 87 
208 92 166 46 29 92 201 85 52 9 32 38 87 191 98 210 228 27 187 213 20 164 46 93 125 41 159 175 80 204 139 167 40 49 213 
209 69 141 159 154 193 168 186 232 255 121 74 209 94 101 140 51 121 49 97 215 174 138 118 94 218 66 233 130 107 26 87 176 168 246 
210 75 105 159 5 81 158 127 155 112 221 0 252 16 122 45 113 81 220 252 199 58 214 10 35 88 117 61 176 37 229 166 112 79 69 
211 118 160 228 245 60 84 210 60 80 226 182 126 83 7 90 79 207 148 38 217 183 126 78 244 46 115 218 213 228 41 26 90 201 254 
212 79 5 82 33 66 163 3 248 33 86 0 123 166 207 15 204 168 198 74 246 186 121 105 148 78 77 189 104 167 135 103 246 140 185 
213 23 206 92 26 199 125 113 199 248 23 150 7 227 62 205 45 52 136 166 157 28 244 235 218 93 146 97 196 137 237 125 160 188 218 
214 187 131 87 44 74 80 67 224 87 38 30 37 83 82 173 250 239 201 238 218 163 75 109 4 15 246 242 141 150 174 103 81 49 190 
215 125 123 14 192 91 102 230 121 139 58 203 56 52 186 1 34 149 165 110 2 169 125 248 155 10 142 73 113 224 122 48 93 245 62 
216 30 80 164 4 201 47 62 148 103 114 79 105 149 228 14 3 230 183 128 222 83 139 108 156 252 76 23 44 170 12 107 200 93 15 
217 204 38 63 11 187 166 125 10 15 18 238 29 21 212 213 150 178 40 33 30 196 29 107 219 74 21 232 181 221 69 196 169 107 3 
218 180 38 170 50 48 185 68 30 215 90 242 172 240 164 212 17 195 152 46 46 116 120 67 92 45 32 161 242 201 12 245 126 51 159 
219 176 99 89 244 130 48 78 116 220 62 25 176 79 220 72 126 10 188 246 77 24 36 109 185 22 54 198 11 180 249 171 100 92 4 
220 89 222 52 167 83 16 230 108 192 53 72 8 179 82 197 170 159 221 206 12 151 228 66 93 239 247 86 154 91 178 158 180 145 210 
221 92 228 226 66 80 162 119 152 171 43 234 112 213 137 77 163 149 228 135 215 65 118 206 151 17 42 74 175 222 219 130 58 191 100 
222 124 15 7 244 167 178 31 145 34 244 26 111 151 175 84 30 134 149 148 85 45 165 127 119 85 93 82 215 152 17 59 20 32 66 
223 8 199 244 39 88 22 27 114 134 178 33 218 208 167 111 101 252 156 10 123 19 95 217 101 54 113 118 114 133 150 180 142 93 169 
224 181 181 191 209 39 69 131 72 31 84 240 143 185 236 43 195 104 63 35 65 164 89 178 27 203 55 177 128 197 15 41 123 196 232 
225 76 236 46 207 52 77 35 36 220 220 17 8 160 121 71 195 186 235 28 108 6 232 163 184 104 105 199 145 228 139 121 48 119 167 
226 255 172 245 35 208 209 255 225 217 159 90 32 98 20 12 127 128 18 103 36 202 207 141 145 96 113 29 217 161 148 129 160 64 118 
227 195 17 71 195 242 33 98 77 65 197 97 77 68 226 96 171 6 42 122 147 188 218 4 217 179 165 109 52 69 174 170 9 191 242 
228 204 177 19 46 254 84 243 96 162 55 66 2 226 72 44 92 219 232 54 223 193 234 132 47 30 201 221 201 210 156 187 158 77 206 
229 205 76 34 192 172 196 248 238 198 218 54 243 55 17 219 109 240 157 87 116 204 118 61 169 63 16 69 250 174 146 200 123 222 234 
230 60 138 175 52 120 117 14 174 104 69 191 68 179 175 225 10 35 173 128 97 86 191 113 155 185 31 45 129 155 12 108 215 150 27 
231 11 15 144 25 189 249 95 125 61 18 44 30 28 80 203 157 177 33 92 34 188 22 65 233 151 220 245 3 179 140 30 190 155 175 
232 216 88 168 55 213 229 73 2 3 101 82 206 2 3 239 95 37 171 117 102 148 12 67 138 16 246 22 46 181 177 221 141 9 133 
233 196 223 106 13 225 109 114 51 59 117 54 42 212 91 213 73 193 106 85 4 244 101 251 10 148 176 187 113 61 196 247 1 163 97 
234 14 132 207 128 183 10 245 237 53 201 72 10 18 10 116 104 14 104 205 9 114 97 185 45 211 246 242 202 247 149 43 5 26 250 
235 134 209 5 123 191 58 69 7 68 87 17 185 191 32 33 141 41 148 238 227 193 193 217 179 139 209 73 183 214 99 177 92 52 182 
236 216 243 240 29 251 53 116 12 238 52 44 15 193 86 163 175 57 101 113 18 24 252 227 97 179 186 196 101 22 249 27 238 236 12 
237 11 231 65 128 244 47 180 32 62 117 118 226 36 175 71 149 194 95 146 165 193 69 95 133 170 118 126 198 100 107 210 112 82 19 
238 240 70 66 164 103 128 25 221 98 61 141 169 211 79 9 101 244 202 170 84 79 85 202 206 27 46 57 237 158 139 0 142 210 66 
239 50 57 194 75 22 37 137 163 206 92 242 215 193 231 161 107 59 241 192 5 191 219 51 248 200 210 131 200 96 85 10 147 142 205 
240 222 165 242 103 72 192 195 59 152 132 34 57 240 93 42 176 98 233 140 149 225 84 103 101 29 200 186 39 91 73 244 57 238 230 
241 161 54 167 100 113 63 233 147 120 217 240 163 137 82 140 21 232 110 106 79 211 135 23 141 174 114 214 163 172 196 137 77 251 48 
242 177 108 111 154 0 232 115 240 139 253 67 23 18 43 133 124 122 88 3 146 230 178 4 188 85 176 129 222 253 124 15 175 232 126 
243 73 232 102 189 217 241 186 28 9 204 71 142 73 193 231 76 83 205 254 88 137 83 8 10 50 6 134 65 181 111 191 254 87 38 
244 187 48 23 117 76 32 66 147 175 139 85 150 215 168 99 214 0 236 41 9 247 91 15 125 156 196 236 92 194 68 130 126 116 153 
245 243 193 186 53 84 105 192 169 255 152 82 98 110 82 78 151 91 69 243 106 195 143 46 175 235 241 243 109 111 104 7 98 41 193 
246 152 125 42 88 39 41 240 121 139 94 203 217 246 39 31 233 145 226 120 192 145 100 177 133 209 32 237 216 130 22 153 26 147 195 
247 115 186 236 99 51 119 194 255 81 184 38 112 161 183 82 25 119 227 125 40 104 79 72 85 39 203 107 193 229 255 132 88 185 113 
248 188 237 232 126 236 57 54 18 169 215 201 251 240 65 223 110 105 71 189 178 157 228 125 8 165 98 7 42 187 193 155 119 174 131 
249 245 154 189 43 172 102 2 117 98 242 182 65 96 32 136 29 210 37 2 79 46 167 177 53 209 108 246 108 227 164 240 216 62 173 
250 3 234 19 5 96 117 248 22 182 88 54 63 118 8 100 120 87 146 31 9 200 241 117 190 93 89 99 77 49 161 250 53 140 14 
251 58 236 131 50 2 58 139 57 121 1 65 221 121 153 112 152 162 56 137 23 246 231 112 89 52 162 251 47 215 135 61 17 115 192 
252 68 117 250 207 174 115 208 240 81 73 137 193 225 43 249 107 66 239 82 179 73 134 85 68 181 44 203 242 61 62 179 129 179 173 
253 80 98 33 32 82 114 105 219 51 75 6 44 182 72 27 8 251 100 142 80 168 68 124 115 54 186 177 233 59 101 151 140 199 184 
254 172 25 42 22 244 93 97 250 137 23 66 164 31 62 9 173 142 177 241 11 37 40 197 214 17 0 59 168 140 2 96 57 27 138 
255 79 15 231 176 9 112 199 76 21 230 138 30 147 24 207 133 35 244 173 232 203 190 233 6 103 117 9 199 174 36 82 253 52 57 
256 173 61 170 116 137 191 90 19 221 238 44 172 115 79 161 32 56 108 222 33 114 69 150 123 13 69 160 95 66 212 152 240 17 66 
257 100 155 1 191 174 222 173 218 139 32 42 44 64 98 152 30 131 10 100 25 134 113 94 38 208 161 250 104 145 11 171 245 166 172 
258 180 85 139 97 47 22 129 89 66 193 187 218 224 62 228 68 88 106 181 182 144 133 87 138 237 232 150 152 222 60 69 146 145 208 
259 244 193 230 117 26 40 55 214 2 23 20 230 91 108 81 16 35 225 149 122 108 130 99 2 27 65 62 96 211 208 48 199 145 22 
260 61 171 62 116 129 64 139 150 38 230 2 119 246 37 89 139 160 197 13 3 199 40 68 5 136 23 213 184 223 102 206 28 18 12 
261 144 147 76 27 41 115 1 44 234 247 81 67 130 241 8 143 244 207 184 56 213 64 80 170 249 47 17 199 75 35 212 219 182 32 
262 246 224 147 247 12 126 238 93 193 112 79 202 255 67 153 183 124 110 248 204 25 241 251 42 184 70 77 140 33 3 173 23 227 64 
263 14 239 190 252 77 128 108 156 74 107 223 227 35 91 82 27 39 107 12 34 149 196 104 226 81 137 229 254 160 201 62 174 184 253 
264 170 5 125 22 161 199 130 129 170 165 220 252 192 4 103 204 38 252 144 143 222 225 24 196 223 185 141 30 103 69 27 18 75 152 
265 40 236 95 170 109 9 79 74 6 15 78 109 219 116 106 108 3 72 77 28 12 45 213 153 75 60 223 102 78 42 254 119 22 93 
266 33 132 102 113 206 108 128 28 218 92 144 68 200 148 140 21 176 153 66 133 50 141 193 17 243 16 59 241 135 82 78 168 214 181 
267 25 164 33 154 192 251 246 80 63 190 228 204 211 148 101 22 25 151 163 219 169 151 235 228 136 114 54 215 26 12 140 52 176 173 
268 206 112 169 196 193 232 130 165 180 85 58 25 107 83 177 15 46 90 166 25 62 46 139 117 5 166 129 145 218 50 63 168 162 232 
269 108 99 208 238 9 133 67 67 158 175 150 79 190 197 169 100 222 232 146 106 93 152 16 222 41 234 16 104 146 179 80 254 22 33 
270 236 31 166 47 98 68 222 249 148 156 190 61 0 156 37 147 6 130 43 22 97 84 0 113 189 146 36 13 144 59 46 124 90 212 
271 172 189 25 138 182 173 39 116 234 39 16 16 186 23 146 229 45 243 58 46 101 247 192 137 4 81 196 51 205 31 7 121 220 32 
272 4 146 205 43 6 184 82 22 200 13 45 90 242 91 78 44 137 179 35 73 60 40 154 1 91 104 32 98 225 252 131 229 142 80 
273 16 148 8 99 170 208 112 216 43 98 51 121 143 188 44 178 5 104 218 160 105 53 8 137 152 233 133 27 207 19 107 223 167 116 
274 66 82 68 178 42 111 21 93 232 164 25 20 86 30 125 49 190 230 102 198 112 254 176 245 25 127 9 133 94 176 249 161 2 61 
275 83 44 173 104 137 149 12 162 170 99 193 39 148 127 13 250 70 125 249 246 115 18 117 124 151 211 44 144 116 47 206 200 91 123 
276 48 229 16 61 135 186 160 72 225 52 200 239 46 14 108 39 4 223 58 121 91 209 76 136 98 193 183 48 137 18 171 185 247 187 
277 246 127 118 150 199 87 202 143 70 249 157 179 32 161 146 90 26 238 44 103 118 142 40 45 190 177 63 105 106 55 36 97 182 154 
278 247 125 242 194 13 56 187 170 235 219 76 126 54 102 108 98 205 226 240 245 15 174 166 78 23 17 133 59 114 59 214 105 185 200 
279 43 198 0 230 112 236 194 188 106 248 35 214 90 240 184 74 230 199 248 140 21 15 157 155 74 15 214 32 121 143 232 164 85 233 
280 139 198 213 77 130 63 69 165 21 159 150 205 233 124 148 225 8 169 240 166 68 58 181 27 91 46 170 67 211 0 44 94 198 1 
281 171 72 64 240 238 85 143 132 34 120 0 182 89 8 96 73 174 164 131 100 191 222 146 106 34 101 106 78 195 48 80 110 120 144 
282 94 102 230 237 234 8 101 234 191 190 243 31 7 161 195 139 5 131 105 152 237 139 253 87 218 193 135 42 47 255 186 142 102 160 
283 123 80 169 225 59 104 159 46 135 167 207 74 50 213 205 155 109 186 39 106 17 1 43 152 43 91 152 229 233 254 134 100 78 47 
284 69 137 151 229 183 30 140 135 104 190 92 54 89 201 240 128 51 2 129 95 154 172 186 50 146 163 48 24 7 127 71 77 8 222 
285 50 192 252 190 71 100 124 163 154 213 108 139 86 159 141 215 254 39 132 184 90 22 91 138 46 99 9 117 176 18 83 226 210 79 
286 160 25 179 28 188 78 241 40 217 71 199 102 31 198 141 163 126 231 185 218 114 231 61 123 92 237 141 175 207 95 254 111 120 177 
287 139 52 255 124 92 216 196 36 62 227 234 204 134 104 179 63 66 37 38 127 161 130 108 46 49 59 142 47 170 6 224 53 59 224 
288 178 151 184 118 187 247 89 165 195 223 14 118 30 80 156 68 208 61 198 60 107 247 120 249 38 34 0 6 88 59 230 10 210 159 
289 128 142 150 217 51 89 184 65 207 214 146 107 26 98 168 224 158 20 215 22 13 253 57 13 3 145 72 234 155 27 137 27 169 31 
290 244 220 120 172 30 71 130 176 179 156 18 91 124 176 111 83 199 125 80 0 138 83 145 211 61 44 238 198 71 151 229 59 115 93 
291 231 145 165 105 65 88 5 83 179 129 4 35 212 203 160 36 203 42 119 92 253 181 136 235 123 207 130 97 10 246 190 241 135 99 
292 90 201 187 95 28 111 224 32 146 180 235 50 216 182 92 79 18 90 4 154 69 128 105 200 225 115 190 159 100 69 3 190 14 190 
293 29 43 45 253 75 191 177 55 241 137 237 78 217 0 168 221 154 237 93 4 181 62 119 115 222 220 185 225 154 199 159 184 242 205 
294 181 62 140 103 117 126 240 98 204 201 98 116 167 253 97 4 1 23 67 120 138 33 84 67 2 239 11 161 167 253 110 92 59 251 
295 195 176 121 180 19 69 125 117 185 36 114 26 41 115 49 108 236 188 141 64 255 143 47 10 48 214 8 159 51 67 154 246 244 19 
296 170 7 88 40 124 17 76 239 43 117 98 93 225 78 25 110 143 24 253 190 35 46 149 43 205 200 110 103 190 98 122 105 105 210 
297 145 230 227 221 213 14 83 55 107 52 134 132 163 21 157 160 211 192 206 104 235 155 48 89 2 239 188 124 88 37 78 233 11 49 
298 198 224 64 25 24 171 78 158 48 241 179 205 145 134 141 96 239 120 251 31 209 254 14 141 122 102 179 201 79 190 250 22 159 58 
299 47 183 230 125 85 22 110 8 227 0 142 112 96 125 232 91 157 185 89 171 71 212 18 250 157 97 184 151 119 87 210 167 14 184 
